10000

280457
271619
995285
630773
577960
542711
242753
978935
494104
141651
242354
859058
843223
675049
938985
541260
949348
336584
353266
395374
818631
407197
518985
858100
902405
983764
268155
528718
462037
31935
397656
701718
746496
633970
640110
226195
129279
884689
348973
69170
559634
83686
741044
915002
710445
808174
212008
305875
295499
705293
132647
91799
172290
876548
459021
980607
694418
218310
539821
259909
359994
479021
727014
789157
914117
695364
997660
741948
265628
685465
968106
220821
353893
735381
959451
448960
843572
904672
789857
51026
945278
865599
720464
304348
147658
595688
664264
713604
350123
83556
866606
323679
4901
619644
292419
924663
727213
795190
405802
279968
420693
669910
563409
372673
694432
853099
367647
321867
607027
358700
373672
369811
270707
822528
695439
164419
90548
998201
520761
96780
20091
95355
457405
990917
80254
236
34519
109390
480239
999441
959239
555452
609998
34074
131246
217371
175380
813641
168082
550773
904357
229792
864877
870472
441415
746518
726558
732525
997037
555314
941788
2472
873298
175426
138941
497612
779246
418610
745431
743328
149985
121908
309175
917920
696092
584565
973568
275932
582764
600864
988704
432937
900042
504637
733218
887349
260319
975821
386871
808546
324005
872987
211620
384589
405977
164470
788356
96630
489080
654331
584346
924892
679308
670677
180550
211330
581780
140178
251486
698708
973792
341620
550938
200439
37463
676270
931457
175794
508568
471929
216595
569787
699762
887242
291195
381773
635550
346546
366569
669794
966320
405755
362112
608230
426484
275432
332977
494007
717504
257478
843222
465120
397220
407389
792434
924794
730601
195955
696804
468302
748246
340607
27011
950252
685032
119878
943922
800873
754165
366058
73886
298687
480109
32647
152530
463609
861699
738397
476132
896651
376820
898165
801262
325091
413189
997770
827237
731349
785834
94417
156353
392407
356147
475696
762458
350652
414855
506301
943686
464837
668332
517236
811514
195766
325574
569441
934034
652958
415731
700465
84866
512233
359907
54727
621417
694888
197685
708787
190754
721803
845097
674801
812495
50676
765839
522402
233459
48337
166573
653700
389163
158830
235683
24207
544103
339041
729373
595324
456173
293867
219245
906265
128672
81345
671421
807998
812485
113421
966225
194659
809478
884160
553838
554652
36037
39741
359064
909820
991874
949712
825232
393034
330259
362936
752410
892644
488099
956684
281585
135121
280365
738111
656425
516710
747296
553791
815958
725157
598319
946274
514763
557901
42272
634835
6312
256503
811540
98430
535250
589478
854388
561400
507714
491769
233541
620947
696146
632883
994050
614794
759273
618833
616235
79255
372425
752943
466853
727390
902513
149623
931720
262021
1791
318299
507482
415475
996967
999527
488030
642101
488806
836820
742723
760828
69835
178917
893691
200354
69239
976826
715054
463384
902526
980440
343782
45392
763907
980090
932232
762108
646816
260058
298458
197940
410313
139448
266953
625083
111577
545695
350448
163827
90515
517063
203793
563534
953400
455130
85688
910032
107383
593554
990145
169928
240605
813001
727597
948422
678725
892437
583027
804002
366876
304169
184288
958405
369581
133907
892862
503743
774029
654744
876920
797086
165107
166707
715890
206755
359019
805025
597995
332715
327704
519331
209874
559042
269670
387365
866203
531303
338351
245202
212520
856425
182435
329780
308794
854933
341692
118096
118664
200749
875303
541599
962940
456659
707563
901204
254307
343742
730138
633525
378766
774075
627474
950445
212964
943310
863259
944006
539655
668735
322510
768628
152757
102646
401367
729670
271912
787632
42572
136856
294762
457637
596942
100792
249398
749320
241107
600798
366173
995843
988959
910154
559977
809671
781311
878698
364331
600958
534009
335214
554748
382468
863717
311413
751136
815820
926222
767262
284385
29318
143967
963734
725771
204628
411505
411868
359055
3574
846164
560336
988593
571409
947977
722413
254430
726922
425387
407071
85635
254158
144751
348860
770917
479403
753384
612675
372428
258694
756022
850795
825252
38664
700975
366384
130460
677284
952344
93283
612336
631414
750324
617597
309583
386719
766477
855457
189217
824199
470767
872695
520238
56448
862788
639416
49742
896401
174577
906364
958156
613539
252832
404160
707605
777879
629563
203296
748878
491758
3679
75297
293324
421486
966185
488477
664251
41141
882882
793861
699552
878150
291290
61169
819389
376092
239907
424274
543863
601287
972192
372894
884153
819755
124035
865986
41502
602447
883322
717636
741664
216028
282413
63240
182573
648172
305100
929870
720101
799292
534785
589944
929016
203019
114204
348562
96359
420596
310444
26198
638835
647746
804048
763595
532723
529107
924451
114522
519110
878431
69718
636618
189042
686585
82526
597844
50130
52326
612087
963899
545397
889255
703486
609904
848684
633648
777235
88080
89485
292632
423589
748146
781697
90879
357361
228390
156472
301403
222282
557850
890643
316277
618575
377793
991661
782415
293683
17859
276156
583747
300300
235922
524087
251223
104358
477976
480969
351238
91688
674781
247544
451655
900400
418659
486808
161553
974906
128266
350166
570816
906541
884112
840018
536726
93610
740504
202214
567906
226917
512874
844490
439852
58611
482463
356194
441222
136035
346924
512904
620136
949063
951002
385217
688211
928747
65425
136493
193256
646770
279312
529900
678963
749471
675496
235523
452627
308296
506481
613639
954052
377091
451364
317777
722311
707106
977504
673598
126936
373996
864548
639729
90414
947673
463317
250787
712177
96788
277544
456707
434700
955803
385500
250156
676049
837361
267501
123456
874315
573095
175179
551870
189386
46848
978104
636832
196517
249062
634599
513818
910190
192119
799668
202926
573853
35849
704450
742765
571266
278906
714194
123628
652609
843288
434765
10030
8221
690733
12062
755873
216274
611104
258322
755659
73320
847451
297647
478577
863054
938105
306014
985506
485146
485857
239563
966049
456186
774410
832540
501333
49740
462285
452919
345075
972491
450308
897607
27277
317582
32658
597980
518821
787733
310200
648695
186738
345934
67165
753935
656998
229452
570912
297563
797393
126185
948548
814536
674747
108237
855524
508984
181886
716535
473283
513165
30238
502741
135826
939115
144310
49701
906950
864900
96904
450339
686121
775834
389143
57302
337857
482941
751628
595549
232175
633821
930709
44620
84708
180187
932812
280683
428671
540175
955736
111267
841017
676641
89768
128708
587624
782379
92467
179893
272257
350752
122958
981236
216199
261335
796139
533649
909829
794907
862846
433040
989243
679142
45845
435014
345810
789122
355961
691447
360466
835188
131882
150441
570072
992737
814504
894668
792185
322428
773378
173538
868181
408494
608350
962979
677497
466941
607054
98076
553329
432934
621092
719672
827774
427871
329195
114991
585431
190658
504488
887520
425801
764743
158408
183319
365230
37602
132610
460921
157719
247719
752919
245125
35461
555725
60077
119356
5776
368469
224658
32425
263136
409465
40144
935170
552708
61061
626325
899165
934662
661935
839845
960583
283761
522223
94399
852371
752451
127276
597573
742769
799318
561500
135403
7860
144648
803929
169454
263866
379866
59644
141185
992145
28376
389009
831977
763329
762225
6713
180388
659200
757366
329474
4875
72699
349089
216858
258782
56344
676441
762196
550965
868749
868528
538575
280706
628441
226468
300773
492983
101406
361765
183054
560875
674768
388454
202522
403605
391710
830946
513754
596037
550286
172576
956084
49765
617495
605987
663118
407562
321603
763511
894417
573622
832847
149419
798056
201112
570402
29374
345009
705801
856103
378393
707131
797858
433807
32425
935500
193921
411574
468904
649307
860262
681503
3557
824588
297092
369321
363229
544554
995282
299956
644045
772840
485885
281892
55944
851942
59253
443211
193060
22879
637409
881612
529868
150001
918933
549122
419990
207355
46257
652568
390817
958578
90996
62959
977053
550924
349172
611165
2829
62982
811077
941519
29671
353609
741155
927282
497961
280705
188962
237170
312683
826668
628461
651987
852291
397090
248254
400778
747470
81291
801750
762384
678602
728369
732220
946597
93161
394571
924018
903847
84027
956989
194715
604552
898538
366280
386403
93783
58195
887387
591804
24662
471421
555589
827219
42490
410943
742181
602279
339952
257634
960627
326022
416681
42163
990641
518002
658597
302909
804850
253706
55673
554831
37810
471364
291994
140858
98498
571854
129581
79440
363453
339573
674206
911279
388927
50032
945139
734493
58332
381937
721604
227024
599794
776400
324132
698949
956658
50853
958403
993921
752342
505212
935998
224608
701585
243475
643098
298664
747410
507602
964288
786479
903522
207239
853124
422931
671
202018
114154
47151
574920
607559
371167
537948
648797
358347
973738
660636
603591
456151
112698
652455
286766
510554
197756
542713
73955
79850
14467
825958
901616
251918
915231
163272
946706
407660
218453
7174
418844
338432
736861
687011
821747
787346
59100
207180
995284
78081
574096
763002
100886
976715
39166
444319
211817
827311
485349
646364
689713
352482
268800
87969
542833
872190
846329
76431
771891
662105
35267
519130
865243
641898
804053
634329
646867
899360
734167
363863
583995
104792
430585
942715
479855
484306
448274
72022
930422
478199
667887
390920
996454
586206
524764
779137
970536
612349
773503
87559
760656
288465
81991
116076
674967
69051
21889
798799
799795
423306
564138
748133
179659
705256
525598
799572
353935
485974
227939
75938
363843
23642
262173
235326
244127
186258
555462
136296
469864
781857
336576
59978
904137
129366
591482
774892
210888
284970
526131
906308
929323
991478
559865
307035
467226
673470
463067
739661
954817
409709
238389
226276
225745
578959
577504
473761
754657
531646
278536
39670
299232
46159
29737
547780
68383
86022
752424
92853
417602
551008
344169
767382
4120
570477
1081
898810
735375
856346
387420
2320
707799
309217
28346
238314
468509
369543
595004
735661
30029
70724
956417
726181
696156
895501
390785
14838
890954
327918
704502
762485
342640
356558
166119
841942
696713
63853
544264
535504
463693
300477
402328
118937
245679
646330
119403
413480
575193
956072
924727
650578
533499
181085
652975
632274
403425
391408
827853
482521
808532
613505
398406
472293
516857
331912
150444
670599
657276
309544
981788
925896
47115
107544
967155
409393
48100
606782
737199
406398
616442
452936
830754
844814
171333
813837
51899
742747
14098
402929
346324
274301
279078
155139
570823
323806
955749
301830
737422
117930
415826
204793
109582
682592
116470
758397
909814
184334
985291
773346
690492
164381
856820
322115
256535
298839
915272
195673
380986
430064
721752
469038
808245
44479
549553
120683
975768
272416
294691
909235
361242
24199
165136
560127
692586
735145
848028
545552
488198
938323
685028
738415
868954
865899
252811
158249
604227
419745
947098
595735
491406
472337
167211
779269
12071
980850
555996
68494
61586
361073
358082
780572
585031
955830
527720
220909
186151
426677
482118
447623
755795
264537
968312
67942
594618
658074
366759
181033
112939
204484
419699
30343
186465
520659
208256
798682
893943
821523
557128
490216
599937
287604
271540
431015
692330
381678
930101
234512
229243
1924
8510
210136
962238
850011
502185
72432
616594
588849
977142
390637
581683
780561
238678
726705
448184
850660
109650
580717
674953
125656
396323
776830
35507
29972
263964
701314
799009
765384
974734
499014
35959
684656
392693
31741
156094
336546
792968
297319
36168
256734
487257
292328
589108
184436
582629
156779
476098
739808
101224
837754
562166
898892
341623
150384
751313
579515
692322
264314
132291
44214
475713
693433
450694
362337
846458
836088
980178
747070
31857
689866
705874
225997
83693
408159
214041
533345
212961
263400
849530
472201
804343
696634
145511
936006
322416
549211
404277
211222
622240
23170
207135
869529
808565
883261
518901
322162
448206
894306
88702
790231
382095
201177
139317
58253
853443
340377
924321
912046
758200
666765
58222
800699
489327
910904
539996
359029
84393
209685
876170
478915
15980
249527
575839
209384
785473
499989
712780
480105
909910
952145
894816
519378
763818
10477
629742
864653
73832
522422
170509
550100
666568
675125
998620
451482
678908
265086
316594
683610
211105
445457
756026
370916
47194
559323
812875
205497
246867
260601
300001
697926
591794
640248
503269
463502
283173
686874
556474
703217
669872
555994
756295
303141
245
521586
854119
994248
817474
494718
214090
363302
111155
369411
618844
864819
736964
721613
498434
503027
281375
694001
19754
906131
885245
531034
22480
202686
817509
423684
754228
239143
112762
251558
467101
496886
309821
604676
808053
71231
647470
777901
672409
155428
720207
238501
548754
152972
815475
153651
891947
132608
999818
304266
940666
837084
146231
603523
576169
750683
81709
207237
839071
366368
216528
655929
162145
21364
551633
312590
209072
662678
685266
650131
96658
175521
715037
612040
87124
298815
514651
718506
479454
409921
147070
939382
860074
675623
830032
628270
76997
70766
610996
542503
563680
833474
742756
183316
890446
243807
705791
395193
170601
610486
494081
490143
857325
21183
307571
939795
938490
24399
82954
969555
473206
172242
647850
196213
858671
815499
36007
738353
571488
215718
27480
729183
403876
166921
576027
419441
121616
297305
626170
224512
332526
375353
887809
312921
919350
404877
309658
291579
528446
983654
748492
644320
768125
162163
935110
347738
406462
612936
685746
71324
356840
305183
738320
650018
426119
468150
871803
216380
122137
456617
786658
308816
648145
710758
115283
770478
813293
349013
652538
370076
805588
891083
644243
306468
951382
450847
180578
860582
255618
341071
815427
106809
765661
198453
262251
717785
822565
970889
737765
859800
163095
140162
861707
248082
993707
385161
677690
934337
444123
957912
532630
809673
900978
217604
226010
577540
257276
442124
12532
281662
649646
252277
560969
449139
752807
724326
775294
318985
673406
872492
444429
287147
960380
264056
539819
120479
93782
512676
361267
118498
423678
859466
507041
330739
629445
523670
331361
273053
546274
681031
381741
933130
515085
269975
774583
147397
166948
801934
949276
966640
565729
477505
755264
954345
22722
216547
529613
290135
891611
336751
842731
190931
827308
662433
704631
568068
589920
127231
81459
852814
97357
303989
910947
960144
942113
164194
341396
255633
947489
823071
44583
639276
518131
387148
710888
284098
555212
541435
747699
260342
187845
370034
440177
1470
527861
175388
825580
380993
704385
37186
741571
336805
670898
638192
98449
44167
693409
428039
985420
477689
159546
660942
199594
899400
899675
658209
576543
461722
220269
686763
966319
789291
94257
840962
990844
386450
129505
952434
932753
912764
710854
839669
585961
346553
688709
378120
892478
836093
958752
24450
796227
890218
958450
843364
605317
894511
732925
748436
635585
556589
147271
280088
325678
292261
70605
748350
197335
533297
936813
951175
21113
944725
799802
606677
131148
206929
388494
15898
234013
546333
319015
121700
890724
777330
655895
170132
21499
51728
138016
110554
119545
800655
654725
290665
834408
169441
660322
181751
913903
947001
190456
557468
605813
583853
620090
918878
865466
872885
343831
471516
256589
382737
78909
689454
723336
231361
268628
255912
88933
514653
482004
924100
516538
736536
836828
708080
497924
408788
300341
932551
114838
914397
739360
223595
520542
191284
576806
439328
199885
436425
309618
198021
786400
677064
337767
661584
463090
963646
531349
894447
211969
534390
484100
735737
512269
499861
910963
513226
947390
173522
331871
828310
142331
422498
206902
115032
550853
538626
800056
730681
466140
518577
40228
336929
169673
214803
12758
631440
323066
853969
272392
969410
682706
163556
644784
530023
315709
576734
914703
912912
611112
107520
761733
151033
958909
721783
211278
702305
738224
21295
499190
990445
160291
758598
22886
876747
954810
680180
625982
771319
122711
918794
887640
21913
809573
540999
813241
152703
454821
745940
664333
709904
462268
898362
576585
763850
651076
117341
693476
810986
613413
936824
931842
641669
430879
414137
818357
816685
253659
474783
489993
691670
946536
112511
765824
866380
383035
205668
954703
86210
976474
831984
329749
781065
672109
289562
572810
577060
828664
722220
30050
494443
819992
19407
866714
823411
823602
516063
137814
123905
230549
902635
930292
469742
753778
994042
778355
195142
628194
419894
762328
615682
834181
948826
679350
527350
846668
357335
580824
46248
378658
276918
84925
716949
413270
150224
773126
596152
759945
524268
141661
131200
648911
396150
320734
158478
117236
553960
580907
655824
999382
456253
912762
983822
741964
510919
948017
924130
911350
860021
472082
189882
550869
853632
397892
560074
16526
658577
820849
794432
231218
293978
478424
709683
703947
591292
678502
373542
537174
835892
781861
983703
485596
562452
277702
488526
591729
774226
962116
112741
581369
172347
591882
150201
530676
90584
923953
56975
880781
688600
502474
71699
592134
71614
608714
431251
100254
349769
255290
851582
234494
24157
514344
73039
508338
853716
345637
363797
5678
647977
984622
381773
765162
999318
875515
311984
800388
281746
704283
743056
679224
814788
795285
202135
121597
619841
145775
605135
373080
78109
158398
158768
599291
438685
569002
148874
72815
848741
768599
561527
681229
638821
424070
256799
492403
108895
910980
780748
439497
443884
838007
455686
589544
639755
979343
442643
811932
780955
747130
559243
684461
449734
37050
839572
88513
682628
825024
959450
746215
571889
696855
831452
495742
972845
659195
199258
965155
478269
934496
650837
122017
507693
812357
73887
847997
239834
278047
69218
882242
260778
458590
591727
150451
675316
93518
296086
261217
176702
704676
404802
41510
936644
660874
137049
620573
422677
562149
312204
541812
96028
691198
852246
909279
381741
59378
319521
751607
73029
856515
897145
488979
851693
839367
624668
705327
359175
64649
864615
537568
892348
659255
608002
15522
98088
337802
409391
931973
286065
405187
621814
340791
71185
507234
468860
412739
374201
790146
934353
943865
41520
298559
456785
393170
393240
601976
295172
13553
282628
934005
39215
638504
882502
327487
892732
716145
196064
969430
567727
488981
59254
139885
792595
501482
607381
220279
741845
515935
141711
192722
214059
161450
851540
250129
790229
159063
119719
331224
615937
190854
85394
748009
405984
931708
78768
489525
384842
588817
147719
375754
481947
274607
553296
466852
783653
850759
565698
762770
849460
946909
539215
676054
950469
826134
838181
472731
488364
707951
994362
325744
997914
756407
874254
395
245505
406047
726989
954073
374939
598092
235382
41927
449661
355617
291374
219280
28672
843807
593449
602266
297467
982944
349355
321366
707442
324698
732383
190923
673300
907621
296440
192178
715655
614456
663824
267584
791139
525410
558168
726155
676955
197312
921079
68338
420517
287359
914881
796965
870579
808965
497985
135352
673353
314150
131490
359798
285395
460390
453110
30389
839403
720193
912324
707683
478197
379112
20682
660145
228297
14701
338200
42420
409108
768976
220060
376238
845539
361668
977975
212939
892316
402635
597984
467697
62594
248299
417965
772150
283645
483866
972275
680696
180003
932723
994582
223395
234175
181353
44133
595742
187218
722410
958304
478534
990690
966791
743679
348004
383449
642761
289866
237965
538474
118547
425064
608751
621331
416057
273721
815554
966589
545769
204581
982151
833793
291449
34485
447167
755733
602537
169078
579628
49260
211370
196530
808782
734958
199652
671831
222888
882126
417830
704723
846035
863087
559365
697962
294093
904726
349489
58732
442090
218569
718796
277483
229458
656138
543314
579330
677549
342467
920407
201001
372299
431024
69132
858462
457367
138613
817864
985247
677785
512963
143846
274002
999674
718126
997710
189141
5266
638444
610618
105083
462703
588475
172580
747452
195328
421554
101026
39786
200852
886076
278063
995419
585410
502207
732178
288763
100380
825059
805576
766851
426756
214290
380307
805006
228991
838829
456351
438056
295196
440173
413861
615867
185990
81550
347607
802706
43429
775089
305103
562691
574096
8011
91384
30789
753418
172167
134433
407389
353914
766396
45015
754555
277265
168007
225907
500991
383108
574127
805321
561168
275330
615564
879878
60284
516035
597397
731254
632094
621323
232751
804683
242345
347667
28543
935271
352023
195383
562977
235037
540361
669387
596047
480486
220784
420809
14978
837358
386375
492442
909930
195968
637357
287906
232098
913300
570263
493853
221981
31361
992417
898912
725166
51628
960952
120129
450249
617602
919779
766777
57201
100644
555323
896106
768476
446389
548236
402306
431929
60222
739375
59291
154815
674893
260638
182704
22984
581772
595170
178830
305117
368161
13048
662616
781491
160793
550535
822242
627516
796926
676573
252209
767571
911057
573279
662264
506730
53259
695695
821303
962221
31156
647009
50799
314216
137160
985135
326381
596117
948949
310219
119328
176224
364133
524634
992059
319804
768633
928865
156861
289707
384399
116553
120469
33600
823495
929562
164473
75037
633943
769584
953771
905038
125563
174583
506224
785129
312287
915755
748361
171370
685682
127104
186475
647721
125098
773113
791932
798808
81658
92393
109464
799858
893538
847332
276829
33654
647873
288469
20798
974002
277807
332047
567442
40143
318030
947498
924401
736542
982775
468732
486302
238403
609463
122147
124506
667009
45632
444361
813989
610886
617301
9852
83467
544513
157558
451435
444414
826064
947360
131009
855259
108422
133032
721100
193708
616430
333717
805032
889144
359968
928988
238122
228596
264934
759856
696560
992094
491575
626390
59819
437426
336002
901521
71754
212827
55940
32488
201758
407657
835322
679963
164765
620521
671073
53150
998232
985238
542057
891476
122629
38758
524273
928392
293997
800445
579462
420225
551733
698787
465895
974573
534663
141547
957790
979664
160786
521230
842303
385255
41426
724933
599299
239250
247322
519905
257051
139619
726401
72644
811682
511365
798917
414934
17412
814195
854827
609520
465300
259513
142607
39566
856699
975265
990827
434562
711856
92283
326709
556019
301958
296578
649862
376063
455062
322219
178701
692334
561656
719602
261683
888739
970997
625167
288992
895146
946692
413851
10325
752581
3316
283229
68939
941621
171264
747955
113393
602865
201444
975376
315860
305959
91551
489999
529705
918920
549173
283005
420321
899261
928699
114528
160056
696433
30092
35813
875264
968740
545102
854967
775456
406657
232448
397169
139226
94642
769483
935830
53607
372402
316353
238222
27010
857336
730212
348425
864997
795030
151707
187191
159972
714622
518542
572329
824886
459727
406005
840988
436886
677991
400988
646822
520193
282777
821458
855604
587372
414133
632063
414975
662899
339461
512286
647953
629758
53110
670625
452769
72827
474611
750569
282062
815217
885070
94697
960600
291596
358483
176635
435035
936553
769092
139733
959745
696766
141939
412544
385679
585332
699723
438039
768613
997247
280247
668100
86144
336295
488392
964287
56574
355899
976010
209419
465466
634176
912057
855106
255443
31192
322641
919513
978079
364480
316069
338391
830524
393038
408861
547587
139898
839942
253722
15803
92363
867227
928021
144154
739680
94964
641674
43601
227590
504675
954325
380199
291216
538784
133221
348330
328182
760802
603936
879089
422337
927197
661242
797346
529406
30966
775365
838203
454579
763453
470314
81683
321766
462872
482284
684083
610609
562226
894891
79023
530389
791940
347487
791356
631400
175292
433226
257444
129431
978370
901414
373862
440144
769628
467174
875606
853574
147064
485587
89624
747652
679677
597872
190329
834058
721348
1116
946993
291925
101330
271487
963817
410042
387208
145547
942968
789138
642517
974596
100950
471121
86469
372437
342740
625269
520591
421602
989276
912204
686488
691609
118884
760052
939546
310092
246057
671754
651764
854691
509404
188298
354021
706692
904042
109263
784801
220965
501415
580527
226439
550638
652718
781012
824934
587396
768404
766403
111447
780746
977833
176922
445717
119466
447745
428411
259076
183871
730272
724451
564414
843384
84510
839841
704197
772408
716971
708858
286316
382403
621709
85639
520954
665697
433431
733624
957371
175183
694092
7902
799516
576372
340790
981760
855568
730029
541803
655537
605833
413604
930581
581560
626189
745504
824410
639019
311192
897428
89625
865738
270073
101269
855666
883491
552766
487229
789598
641403
241829
402087
338777
680801
555155
222084
293131
849544
621216
669003
300514
92320
779591
425125
600404
640444
362498
609713
417206
801629
922822
84840
574944
675112
917344
448099
459803
858873
438361
178656
52132
366053
615908
984458
793772
687652
978317
928523
675244
570713
133370
447924
945803
789677
116330
390771
201446
766955
980247
958245
636378
30667
238349
1922
128399
172389
789019
507644
827780
211963
830369
745788
772394
997718
369002
608189
805923
412282
535076
205269
722686
438304
110318
131206
378929
808682
109253
936122
439088
364832
572541
952570
203333
58325
887511
718510
665254
137773
106747
942972
98280
740203
406094
320085
275460
97885
472387
500100
108029
399915
638190
534741
720166
64741
773352
893101
702353
847845
710036
768508
811927
977026
399131
796578
326258
146085
230102
272122
901595
215412
39067
955201
798984
823127
503965
66200
839069
615951
972565
989561
513868
848832
944369
327522
778823
284012
602991
534562
73411
326692
443411
5935
979507
507428
20986
241669
327959
627122
461929
50458
708025
984190
576701
28654
877521
193275
552045
315564
751202
506684
590020
748630
169752
155179
959892
42107
429882
333424
67014
449154
687832
654860
444107
711177
903464
77231
841354
838090
843325
573098
691518
189778
147018
189308
431002
643830
387576
585914
440675
358206
2132
114341
957336
987708
940884
17768
544818
686848
446858
344752
86585
147094
660688
21298
13488
178800
220084
51562
87281
591913
996515
382462
489107
332958
701812
262792
833651
358027
258318
923060
519643
247396
218160
383222
172715
292696
506827
144832
866960
596595
703499
477232
68175
665822
700021
262543
732544
272065
96553
815652
7303
118387
42338
780668
918320
754966
151749
717855
715290
227844
701886
243226
240969
167097
932076
971317
630611
496743
11824
76343
271880
300993
440396
153397
16183
723208
780274
721301
86358
820468
721003
460057
270055
880172
254895
326955
315993
853754
168890
172201
484559
279681
982683
740004
579010
364041
582356
287786
121134
718374
75902
480831
1921
306846
703005
885342
184988
876335
960769
660141
996896
639435
859392
871476
340008
386230
962854
698632
428664
588233
538157
577229
444154
864314
528893
267260
202268
505425
569410
55178
623940
508596
503775
965075
62493
48194
257952
998518
990375
352448
705712
946781
251468
9195
150519
658769
592322
352882
124661
28749
614034
196777
643772
765380
825251
696461
841911
691285
130427
560920
332133
733213
732713
14297
551730
656434
890297
606194
107226
238928
46714
137208
658657
169486
518162
54994
740868
98770
16338
202700
522571
745987
222961
984193
631535
804714
663634
917480
457887
714682
487326
571477
229246
943373
936804
811467
375276
952241
138777
87293
835424
715395
33340
504225
961878
111383
691970
451077
605619
114468
868008
16091
903088
757555
535108
846820
730043
699705
595882
818168
791127
982240
536081
200530
716773
956339
30619
978773
481793
553214
372759
593780
948287
639144
978683
188472
150753
657843
572321
651903
103981
228093
994873
361753
104945
74705
767630
995252
238893
335256
932412
425592
94147
794274
190801
241751
474181
911807
440862
29752
362597
968773
222727
454109
317029
57408
58840
476902
640221
589864
309351
330920
84136
386872
327368
780465
433864
602247
686341
854931
442877
503829
691422
339123
712464
422528
872806
509247
963723
996574
331835
708531
128083
361020
30269
516440
150756
185369
511139
402115
788735
49767
777293
994644
993410
2223
252337
681023
368827
368244
593996
521594
696686
51626
335019
249925
136668
589571
73426
934244
948906
315305
666149
600457
21548
63067
175604
537876
708262
574600
11864
671786
803210
417147
85801
137222
606838
746325
199242
501702
117972
870577
620793
347848
37710
282723
385627
393551
625961
297259
371564
95268
909892
797376
946428
366496
692699
592657
651053
942590
327994
771160
235492
282819
377301
716518
425507
877505
11056
955694
174599
20260
557026
918338
628824
596559
937968
238123
849714
65093
666905
408329
182455
725918
657600
363131
954511
446251
167278
691270
47724
838729
675447
205367
972426
903215
120011
469612
741194
120738
694239
233057
664183
382682
230191
553821
750186
212666
623123
365280
639344
571259
896152
834405
563467
328935
254406
988301
845313
780618
304493
665263
721190
420542
479373
654549
368182
169584
643411
477723
304162
381704
253863
316451
758715
742355
339503
255700
204550
263148
871447
437067
900206
904835
672061
369073
269357
699772
929769
3327
569744
347645
790893
581181
775514
625670
139083
111206
507274
409693
613032
11073
411073
89894
636427
915856
194630
510926
53321
75814
917765
931218
631692
807709
772675
256914
368254
329745
358915
208019
541892
599714
74401
506968
533841
216188
164912
496900
471507
973226
167404
761757
474292
892278
683195
978590
85153
348868
81480
276891
865742
373329
467612
624464
754784
749598
294551
255683
264654
808455
102102
596646
272148
592629
470384
267717
132739
1048
159949
382390
798008
305227
392426
231765
870864
273802
201419
485899
711515
727260
828064
621601
661913
70993
763237
882364
616182
974840
211861
511444
589081
706412
835296
945137
86264
523651
772281
976680
250526
708748
279321
478191
868993
687829
661594
402764
859730
987797
117409
682452
77937
675392
917021
896286
377574
925892
860643
359466
28756
532431
586097
976298
186149
478657
112219
978617
866730
848070
668370
567139
302180
924444
919471
829720
565605
763743
710916
694355
40817
364301
234697
335267
881190
932128
595021
403142
224578
184129
318478
390504
10823
931588
37243
305831
105635
585907
263170
815482
376399
724758
687038
37272
65623
875988
72171
852922
817349
873991
868873
950874
937710
709634
560050
678944
839111
874250
51716
442011
227673
929910
602019
645320
672169
582684
69912
514811
71935
396720
559110
929527
932741
645957
245519
214769
740790
624189
502224
231072
668524
613883
601058
602374
88492
515421
579039
278144
475647
668459
293447
38081
960400
890174
899613
722813
962793
560923
152821
990848
85133
636920
349663
162804
903900
824086
336611
667045
550059
402860
900509
431455
840674
761468
512477
109144
990359
104412
970159
817669
752011
73107
904541
464742
235112
856767
764478
136559
718007
792623
252144
815654
55584
983920
28183
793271
773532
77037
311579
862105
551284
151858
423441
462657
743360
100534
91785
205230
460172
944640
999126
353077
45658
133319
272914
126460
709978
849015
843589
49930
961372
432722
960108
13943
268338
732804
983264
215405
36095
481835
701380
463184
706449
698230
342762
565585
623157
795741
10357
151503
456587
161583
551479
857779
355459
195711
562545
890103
390094
375607
835388
220306
928716
229870
759739
513714
184994
797746
576365
441478
925726
402190
935714
862768
735726
100954
267394
194917
350076
547223
307958
431808
706298
524708
62486
839803
612493
615132
142721
728565
847155
279565
329731
958495
687960
840036
675492
511586
488713
971029
688857
53718
681125
106171
231373
79207
41986
347267
217387
858854
446698
194057
791632
515635
472384
150688
31760
300300
404518
36729
516925
867821
297082
93203
342043
888120
2960
518771
364404
414461
587526
306018
237180
569166
467347
175068
941932
258309
885974
812214
335264
673230
312770
81340
377193
825530
555972
67798
451501
290742
301
327423
906623
501133
423093
729563
404718
262529
530103
878255
667900
411610
563133
723798
148191
881439
690296
968849
242979
232387
57515
756150
318543
498272
949105
136655
842901
426075
877755
335871
47807
506001
171742
7393
996113
479767
907706
595032
31564
319628
530236
185051
177058
139365
840125
846697
774142
663307
869736
560207
32016
331655
675211
858609
139927
947050
554631
96728
611429
244938
900173
343965
450815
245861
884286
388979
265259
746437
341595
27202
939016
62810
245417
683758
205815
826161
789956
45765
988810
34711
961237
153233
66738
677341
368283
762740
108806
718108
810003
762770
249754
466431
733098
624074
756824
581267
832376
343626
980689
900982
159927
218182
665250
182935
731288
31882
23901
2630
348293
223562
333186
340970
937648
427787
793002
394791
220620
115980
139515
829979
92901
428251
118218
393961
669579
7973
99739
192162
316187
805391
661055
579565
996701
604146
777121
607466
954484
171187
63544
242293
720535
611040
4531
344516
912324
399453
17035
863658
699037
845400
44317
404282
240350
237557
7683
202846
590422
206569
11155
531908
558764
569248
750795
975585
926020
635089
730997
556318
85129
422750
133646
145384
823076
215018
656850
882036
397163
419362
449999
835157
59244
88482
97738
21922
415754
916358
916501
835012
29235
239153
542105
149432
311558
316067
610418
662562
928199
88261
579874
219805
570151
876617
829392
279432
952443
204647
939433
280556
618649
817242
104265
831679
443865
9985
321093
226839
865539
256923
444789
485175
325710
917545
160416
80856
417400
542338
574604
754410
369494
533931
583002
100480
108660
561749
732533
404247
162858
961638
380547
871621
119696
587511
643932
402143
678218
146720
460153
390579
818367
782905
262237
691737
344804
577758
208134
377663
793837
433499
109914
311074
814585
766502
48569
180498
802667
501473
287890
77745
612834
262824
642011
407092
638596
410193
381248
480136
923681
438938
307325
817207
929192
839600
851951
304324
906882
483020
590368
489177
148253
389217
391038
306136
375173
966609
345462
491606
567175
969127
902571
179117
954860
592591
716216
897282
784265
144532
828809
665656
754404
217923
994004
130367
470793
615927
153841
240756
904444
233014
525980
365530
894862
948711
73980
287998
719250
204041
357739
189440
74668
65277
872141
732045
86888
511536
928151
416065
862078
198497
171404
408896
546761
873090
162342
659458
506216
596930
656603
489723
66605
725383
761631
660074
844981
883582
485246
805669
411610
364166
545512
152994
860152
799257
180441
448380
479620
472925
95672
343767
825896
728171
935871
330109
136900
80949
788477
431094
691714
382960
482502
836377
394436
29545
788092
645685
204165
365515
882708
774488
246112
466648
748387
371078
630977
557197
589680
938410
49323
612414
231059
243651
173983
611958
893031
615063
795949
391479
789891
991507
274335
83407
661076
527363
699136
915898
459525
743339
838338
149986
691446
929491
902592
861972
889138
624248
50963
834759
880092
442270
192531
260776
578808
384163
229075
764131
615167
371398
118165
224689
232742
740679
827010
192727
100972
241043
239865
565590
765259
650316
580157
195700
436612
955670
585693
755574
208804
907941
993006
160183
924465
870766
997022
740808
377108
436461
773278
422368
292422
151339
695140
199164
677066
373145
781365
215527
748916
302522
55422
302750
939923
482810
229755
739825
976096
883230
547781
697255
740480
192840
429784
607160
576142
507997
239625
436530
459531
355430
438149
423360
774146
274679
309201
281081
567800
628183
647262
138099
956175
814446
797360
953569
584535
537434
114343
235585
639567
515273
481586
618680
695692
872945
689056
111638
637212
299638
759728
41720
865094
229106
587003
6884
20098
354989
770489
778838
244745
992712
751208
610085
521962
511261
570610
231402
857375
438471
949197
366530
89858
744045
885396
996873
593144
673760
743291
816829
192307
261765
80366
132478
102827
563164
805956
16358
61968
9086
949800
941801
931458
650102
893669
604210
83178
658984
189417
484899
995865
953583
557314
110786
640613
195753
542511
33936
853726
205463
620263
836807
804633
678182
429883
823875
908737
885379
129819
488956
133602
7845
865168
75777
514927
409670
179186
933805
307719
366784
685165
775345
614107
843968
724028
283705
314825
603371
682750
348545
149322
158230
157038
257197
10725
826675
900981
497406
914975
69568
23916
927694
85729
306354
894152
289466
813583
119116
256406
308496
452551
602587
85080
367534
211550
839686
298156
701659
898865
17789
780960
285173
76815
265502
179328
510080
792246
172328
56928
340246
389417
348394
361456
620898
441855
483381
877704
134906
370218
729409
842530
21196
320028
906134
585564
565987
89295
543937
611603
899918
817863
883542
861745
986464
49835
700592
189790
735207
732303
517254
627469
522861
467425
200665
48254
2316
495880
514475
680268
416317
805781
416316
147906
29500
225816
68925
431752
274043
759555
198281
37672
931766
802644
428101
215882
43375
30153
256675
873047
88039
324167
859353
798174
634801
990987
391394
638962
915889
903279
196423
132775
580510
772425
722954
770046
663424
429806
578091
322721
970773
407894
680008
350788
727446
667984
560109
363235
664884
944474
757525
507776
914486
563121
481841
370351
924680
706190
974539
123300
535830
345329
60262
809913
97487
997652
943346
940435
252834
504712
768197
370955
194924
724599
691577
877831
462427
35381
594398
806603
51648
462890
291217
708463
833577
347066
377137
32999
88547
515997
666999
421855
656776
949043
600754
286966
456357
413586
239959
943659
348162
823370
332993
359100
496424
359616
403994
234196
641285
836170
791442
85010
898481
853569
335416
146017
62347
666545
4366
805058
898434
928238
630749
750048
602822
359267
638512
128111
346658
204428
22002
61724
477855
198662
399271
427236
340343
810827
128474
372308
297111
309709
177100
793942
696607
628145
247606
895028
602314
798733
65948
515627
26978
811718
527835
789352
494831
845734
513110
324245
389089
171350
482142
84970
944214
328484
248719
29260
167530
690758
211796
182545
592442
959705
760966
877495
383971
813797
608789
801511
680689
808253
131179
200024
594791
711992
791856
347980
686230
169824
198882
10656
951279
515412
720985
825703
236834
336703
693905
569742
480295
384705
293737
990850
305731
538536
36153
775011
953245
67616
636482
306130
282808
887433
159547
344503
398544
350429
562533
828700
341958
899648
694066
176915
807469
193042
689642
914664
731018
546933
391435
991155
326201
735606
456732
275075
72275
39154
726399
211603
168714
888483
557986
700878
499615
264829
407513
422397
154954
325794
430229
735260
634547
368146
265524
996032
634795
114553
276201
343922
47187
216307
303857
329905
782373
813933
534287
991625
507090
828516
956568
370231
617898
655907
228204
712846
114308
446431
888501
650124
717067
764373
833397
927374
675516
482
698497
819162
568925
967686
267487
357621
24058
233512
107
845476
35671
690665
430134
809088
910445
459127
139703
99924
319006
701162
910134
717951
727176
18923
142976
198613
588906
769411
843313
77977
848808
671279
436662
508613
326301
498737
145174
667061
440435
781877
750206
124356
443131
498623
543418
508353
286909
733418
916525
753231
629916
744008
170464
638431
191659
810896
657925
772233
280245
740750
647973
474047
850995
516867
71526
592485
254303
315344
297558
221571
412809
78684
58127
857264
622539
53743
443158
985569
786012
963409
226021
347072
718499
35030
702240
201708
678106
857472
277073
376454
25728
949473
747748
333791
283789
566981
707346
394413
591101
285358
332400
871199
747889
972388
578416
51806
784316
402526
411133
870797
122086
528494
417856
473351
177479
325627
3084
424733
999223
1325
75320
688805
520985
816378
19204
648402
572664
479922
752058
128291
53232
773685
853107
838639
702659
671039
922923
47827
972845
872213
903535
106000
252797
555920
768670
834414
341320
365531
272279
749885
63225
149484
557966
446372
233276
986300
150161
851484
770119
519877
906357
184451
775468
971736
603876
85871
41487
774534
210650
656653
368026
387913
655316
245856
932328
732544
122273
666319
965505
195446
996105
821189
702275
13712
267372
128544
379115
975211
3851
211550
83065
379211
412752
191522
128997
864249
148450
16806
303804
895310
423612
505925
930468
196805
759474
574279
675250
89830
875583
854629
521996
424664
920770
326037
357661
8812
141144
296534
97068
842249
45801
683365
116003
240169
601270
663291
293838
502658
259730
227326
568178
888215
932228
376831
561458
916362
305767
266827
520746
173601
443745
254363
8124
481009
690277
326092
799998
63219
104864
942944
816586
385539
96054
734346
109245
496062
375580
906526
114805
903165
99325
917436
103987
32954
61407
565750
187930
880166
511445
889270
542346
676004
930718
178513
969933
276537
531933
879340
724460
184117
590005
97547
23696
206533
578576
364905
264850
931109
752906
787120
216070
157867
858770
390126
219391
267017
838625
633255
565115
882425
104157
638122
387413
243875
339223
241728
146137
998265
883383
388045
635189
651624
802980
202229
572357
531820
529611
949997
812925
776912
691638
378880
436318
347639
530086
251188
900837
270693
589807
214970
648317
118220
531435
639551
388209
103410
385008
108939
741967
352655
618747
680360
141830
435611
323543
411334
180625
810058
325169
533068
485382
724900
932579
143465
894783
364388
309314
598638
676779
627732
639063
603003
95558
772192
633113
530422
516919
757971
549282
845720
178483
97461
450585
221790
776871
224030
72636
423532
197275
453446
302884
307280
621707
832486
930427
420302
307989
833317
124484
586726
623553
78829
457945
876123
551507
665963
600452
694919
894884
763138
468303
872472
589441
464304
869608
731033
810607
414576
698669
944782
806256
430974
48344
413469
958099
320960
804283
544914
59857
792167
897536
369205
938521
689879
405591
737463
690855
873967
303097
745999
199041
298213
704237
335708
835542
690898
198403
813299
480798
195439
244233
117042
238220
443030
559803
89305
534811
356577
873446
758247
549808
420827
707343
396487
283619
473698
616024
204528
412580
779436
930644
783883
120853
289377
493869
656880
195004
423384
33813
550725
484507
263003
556397
137859
734006
157877
831756
901634
44926
281662
939097
945289
389721
460524
810535
96271
309141
460368
256105
368368
507688
787295
514885
589113
60398
998860
111102
981399
833107
351653
100070
823477
201263
196744
262253
733309
435607
270015
970758
197967
870881
918087
670967
583944
890232
601741
741402
647629
166359
406030
909767
710957
410498
911390
786890
339445
864401
938379
531415
298540
759399
707325
177829
703694
331928
823848
74145
358776
748665
236248
445662
986171
109608
577488
11080
287420
566065
412755
894617
991624
927934
989983
579747
305561
871000
874057
479828
434895
188050
294198
690899
495223
902975
121743
322436
922723
917646
200114
17815
261383
597740
961462
86408
671341
340142
578198
695317
777377
509075
309638
714587
986885
272205
106194
803236
144211
778680
325680
362876
724237
373457
201091
627412
706874
849309
738725
290467
842783
589435
150663
370736
587174
626204
186247
371221
493025
617313
446743
714296
685197
610845
806196
202741
127819
603118
434282
377344
246921
562074
5120
649444
948710
272821
481442
449464
648375
367934
411602
428413
620552
994834
952783
873599
894757
776564
549386
164539
31497
255552
703296
477754
283302
516673
5973
108282
757255
404210
529323
688557
340950
998906
229969
419999
727852
977994
359160
210021
132715
356759
636358
502504
954847
455075
917727
887576
560649
669554
373673
716097
790205
223108
571681
876700
972132
747960
755636
750981
251754
122864
751826
311739
966327
109856
869800
648265
35746
580875
664597
220027
693894
966026
417522
727263
895465
279320
81846
62855
777479
808971
845580
858593
147371
796867
607275
603229
771845
942433
192640
290448
265984
316492
772144
620762
858774
176029
793640
615516
571661
467664
316019
896318
971715
740874
195877
704511
137956
389327
875662
852905
614748
383979
475107
12057
186439
983974
600485
413865
923705
862329
595186
663327
455952
413089
104058
488808
150463
438678
836174
937312
101605
535736
421358
648702
27683
454430
861420
101041
308199
914948
480889
878704
809807
439185
147203
45217
381622
539923
216831
320477
837156
415337
216319
72325
558136
634279
623751
223881
813056
540644
982115
521248
151954
515873
485128
41235
633343
98309
126294
21515
334257
374297
907398
846433
249257
879754
687349
856187
471090
350494
510157
292409
774545
654471
677132
881132
979387
411757
545267
660084
443244
478430
738351
765702
796634
807273
908010
269695
732082
500759
283910
977203
780090
337266
690349
175464
461846
339970
130749
794854
10992
254343
14662
524074
660629
627150
370783
936314
293104
415346
999010
4869
355315
827261
204150
773015
474068
350895
167220
321716
666147
198146
275601
530340
821531
644403
960950
716789
386989
815623
510563
700051
535719
822695
99081
236213
200511
242620
58579
87803
159306
634651
13538
279880
544844
893493
308435
787890
443464
714629
814107
69186
144600
225126
117555
641655
737965
338516
773781
911761
921291
450565
161768
901967
954943
141961
878551
114635
534936
457284
364957
684018
873994
936255
950175
431293
346560
316554
471967
71308
360534
769895
44674
644969
179667
784543
885479
832916
927894
928308
420105
234799
197157
36866
115504
279997
796198
444898
111157
488021
706552
401043
165255
875527
523224
557185
978247
144547
543783
551604
44529
301212
648196
824602
158341
341412
279795
404534
514820
131085
112135
949748
321282
942450
79548
931839
823720
689913
666797
466703
279180
232499
349653
679641
319516
658189
125453
353036
540607
957064
60314
685934
544186
190754
559233
187901
402137
171750
709433
920610
739719
965713
769718
305307
710445
996795
943518
404506
531066
666733
2228
423765
704611
209267
319266
611546
343353
117408
896044
170725
543900
14369
479555
695529
450705
398704
506279
33723
832530
744900
859553
273284
898453
3991
782475
850329
607374
939651
995202
417084
783948
680728
545140
613454
267832
150164
522548
920872
667619
901648
706056
712976
361261
995891
122507
133246
334578
491746
208387
244776
649248
441688
198460
969241
358016
22367
804770
707644
500489
667518
482143
986023
764537
270147
805916
563399
867779
630160
755066
432185
938847
92444
635666
453963
674992
666236
813440
873130
766009
783922
814825
672230
205253
860064
220146
231302
260547
774674
596363
979532
520659
963831
585729
533963
740687
656741
167185
992420
842679
168427
830241
883453
845024
64493
734597
953664
414043
478754
210229
345391
179094
228475
874707
986630
516569
777774
380805
494718
891941
919109
889922
649277
584641
123265
29137
62571
702667
996810
433455
583215
748763
732343
442164
576475
922702
919107
875309
354729
40836
917831
99829
386151
77048
999324
682587
81462
109035
359050
899649
560334
146526
792998
38071
404800
524843
361178
196437
934101
736856
485462
786236
877504
701272
940911
141525
114002
702010
14498
998301
2539
373668
582704
384984
661395
822989
72639
229370
683682
293978
873142
71875
177106
698209
473066
662387
380340
313631
226295
789283
503512
281327
50878
148788
374329
236458
85032
59671
204509
463613
347342
23345
290407
802299
418798
511127
239178
967697
575827
638609
874713
36334
587560
154036
625868
347223
413936
593271
982824
825340
279733
82578
985122
384180
669600
276099
474892
108385
513858
678234
474358
711636
716847
977298
158198
938826
677143
736141
541655
358461
256821
686267
541896
222072
261748
815259
161030
339066
37339
852258
631
289977
213063
295815
719461
95648
284721
812812
38964
852953
262092
341582
552790
580067
985180
583761
65845
579913
347499
315387
381410
632110
153402
254685
464375
944106
985570
111748
306616
531590
551859
219761
842744
565108
802654
926795
86733
186052
986132
640187
219815
90140
938105
931165
136736
988296
418916
611463
937200
910343
295269
492120
281985
59381
979333
346094
134023
794498
410875
474419
975110
301611
595481
614684
868619
340056
828264
269109
503876
920292
907494
48709
24938
803281
90907
247659
407630
178202
735729
266656
223955
443051
685374
646279
444604
853553
728473
378049
281444
184669
478472
718917
781997
852874
35595
796419
155433
314997
813464
685673
536885
446896
81780
387028
290150
625941
665894
548129
881631
290819
945579
832556
151059
931508
738093
846113
788870
831368
437788
201901
895304
973942
788954
360538
833434
850754
801784
437349
85973
741999
533087
158173
262370
741239
114737
272089
288687
963234
197029
900967
275884
982971
36463
698488
319826
825825
559800
860712
121203
593700
960105
538144
76503
404141
636703
853573
632321
748291
62588
751948
356435
282480
124493
695458
123408
965687
590902
575938
67527
394296
547699
721471
30683
795354
739194
389658
211603
489524
866026
389626
755606
237576
579311
9953
7485
549083
704953
226301
854304
970339
83526
973448
623631
748441
403884
882230
436829
935704
452447
539654
258012
710784
598786
625575
298713
964907
890939
527486
154681
883343
669397
490017
278600
285325
538786
14836
469572
730677
703444
654259
556587
847433
788572
929318
505138
890362
185498
529481
395564
569706
265831
921022
828429
578043
503313
39166
451356
226534
62783
356828
261159
972221
311736
63624
379281
683419
463647
348231
588125
713122
209340
814283
568618
842041
974777
286200
33187
934040
520644
70126
773849
189352
878716
132365
681857
265288
413220
591608
55039
190608
875819
57107
96967
593635
923089
19027
445012
78275
408336
856117
147301
396966
558309
34043
814706
403270
806753
118191
665477
768922
956422
748899
506548
918089
965957
968616
702107
467645
181410
242382
394055
195280
423393
968566
981158
583497
562707
758619
970387
665533
376458
381550
353851
844805
601931
384723
531058
367503
690189
244619
54396
955824
550128
833914
697601
895311
850052
350102
865659
393275
565726
558758
885366
900225
206293
850400
839659
312190
997419
731860
865244
793971
660083
108812
684261
596769
383299
308290
140749
228768
75487
528706
59706
645434
191564
629668
661429
768955
636302
356171
817262
819003
998576
479785
833390
576448
254258
980656
247049
484956
687640
790551
861558
514072
411186
53004
359465
268657
412292
184563
825274
530624
177129
560908
349837
305337
419400
730695
102733
863400
233688
435854
447257
194273
254627
272220
475611
37689
64422
957774
224303
237438
521141
57941
85554
453448
525899
147457
781612
522900
649032
681911
88693
958677
814093
599752
474192
88401
50219
401490
748430
352099
928391
795327
268182
16325
990462
358312
481005
818968
847419
820946
816998
278616
868796
89722
285525
123033
50869
136685
533637
192399
339683
36034
737423
661405
858420
113863
143430
569333
887281
788810
448512
682299
250848
114982
863684
539461
301277
71426
530443
966403
903621
94437
964649
200172
578012
485750
987463
140005
718289
28257
977507
615435
79241
281691
207313
773193
420048
624312
886065
218116
771471
468066
822879
834101
379187
965420
16324
77941
243507
788544
85835
836064
511546
699427
799071
293003
931376
195259
433059
146838
64541
156081
628448
16682
461541
811817
133514
152257
392668
588082
132092
495348
594761
237491
468422
237608
474256
625195
289877
833104
236097
435134
825319
573874
569978
774789
455552
474541
871734
603286
43322
968855
407741
162539
327734
902030
16354
279699
504612
46459
159476
831947
479550
507870
388125
560892
466591
744342
870403
391646
737048
428652
731962
967481
679087
815045
611203
702768
682651
107087
987780
452896
213952
435822
322330
552137
612996
49493
820611
402021
253219
602772
57376
123462
3964
427032
6062
218597
838346
735180
694240
821478
363494
217517
340859
630535
54072
259121
754423
187067
679189
454673
518428
613313
148765
414089
833722
317199
133340
397660
212533
419347
823167
471685
981231
621253
356360
837288
349286
682961
929470
646039
783159
782746
58463
618518
458950
518876
70871
681546
915242
73383
67808
139237
176970
461241
388796
708064
48235
400817
24457
894668
804372
455035
350955
62399
940413
44091
628487
971121
661611
599726
352161
507175
640247
883061
994868
625735
274444
979238
393351
498379
869532
275722
406788
839500
419328
133146
514665
677096
584223
814173
326156
229609
247991
77827
191231
151808
492529
759733
809957
574535
125155
258704
270629
326457
588815
206544
184156
286001
180106
113737
59364
933450
764057
176862
58513
85709
563468
561345
306738
176672
634760
44800
283147
330170
265159
105692
636907
678145
378674
131294
277490
600881
235852
176749
931949
355328
888673
552300
13100
415355
941393
877082
344346
964120
107981
310478
562234
545011
247830
167773
63437
400269
221518
578038
952226
342972
215419
782698
223303
204454
233219
727270
673275
565902
327607
104892
918608
814069
143707
465733
125208
738828
439978
832909
910584
769603
659393
605238
173263
824981
438800
197867
703730
237343
66390
384782
534857
447290
723860
478892
823205
964646
245787
139257
361744
112902
373266
766214
433639
670758
427856
685273
143257
798748
145792
329042
824518
65412
42540
875220
560905
54040
768947
262579
638161
458217
243751
359864
714154
371758
514565
522222
782990
706920
683703
248499
241378
868712
23043
149416
301098
485341
922273
127700
469362
546187
77894
626814
735042
382663
720530
226318
164035
435013
325975
292367
265895
806296
306329
520273
769830
920955
253382
353335
975292
349904
328097
77303
238175
551912
235083
607574
836285
931297
802324
732986
928033
739417
94702
699397
801716
368196
587003
604416
869266
626936
173780
321003
755763
729175
778609
557297
687658
281786
672066
36497
132746
172374
339879
42845
108663
997967
556207
732639
591953
358011
903438
130299
735470
455709
614865
952390
742880
682832
46222
364546
905983
819541
235212
943279
575492
414062
181101
148206
983082
826743
341403
929077
223619
327320
141137
365503
725851
254017
215288
773240
494387
829003
117289
773
718588
137488
888158
122453
684815
622854
38783
600718
63733
856978
415414
589651
288058
755623
327785
513926
238698
461795
97882
958567
36018
457886
704102
870560
874940
426433
65927
802929
84431
150838
216376
49867
769770
261797
775184
325269
805267
547103
877124
978199
341947
938799
841356
990786
627808
475218
843137
767616
60586
974737
984645
410357
701962
251105
170927
451538
240422
186400
723992
426705
40203
618261
215312
477186
773226
696612
447819
250902
90509
592928
535597
606957
748562
902188
852749
307551
518786
440549
434489
586032
177936
680520
767757
3452
236846
981434
61800
894265
26760
241094
716550
236117
211462
66248
313433
316504
835242
671323
418294
157929
742752
317606
499186
821519
854780
834987
474218
856823
678521
281090
34503
452972
155376
765645
359662
481042
218492
88565
577724
983110
728296
181503
596789
699592
662177
419801
228853
830854
408109
234956
424516
177555
566798
240211
132975
518667
832371
918694
15890
164414
860219
162103
859532
740737
229483
955591
141403
854337
426398
79822
190068
642385
326677
811983
594180
519671
447196
493323
244404
806053
95536
102584
206454
225700
149871
832407
232161
86578
839047
881800
986969
817653
602575
417274
246763
343272
320056
885523
936624
794580
275246
788844
314773
842775
867903
775322
375847
561516
370715
65084
208859
545703
480791
755344
429921
532839
815315
70770
777457
551536
442653
944791
341079
926440
607208
280266
854590
127816
973406
378031
459703
201997
901070
283189
263908
677600
89588
286678
914845
217148
223732
548025
881957
173451
725230
924457
149222
246322
83889
201966
650838
498261
300821
117840
824035
508946
139872
66497
949507
750821
954111
140800
739165
850979
138324
248767
720314
881140
183174
409374
240734
407054
658511
827768
938044
486918
872396
226600
843538
31473
7987
591399
865674
799509
285157
959691
72489
569383
514264
942604
449842
37156
391884
203273
688063
132076
752757
616083
12182
942389
658895
537611
544374
706680
55674
140780
850579
420810
503662
429357
472423
427730
763498
3278
802535
85331
42570
70069
359787
249552
139312
119780
210863
785660
430975
682550
18684
793911
559145
55000
299904
972669
791932
526662
37172
94028
572792
553164
177511
634544
777580
594990
849376
383217
945428
145428
307309
511408
806773
131469
397100
328752
262627
243996
337670
100635
418035
539068
383492
181437
807140
214892
55403
283105
574453
204807
872338
287110
452328
452487
401430
862577
102514
342087
852712
390512
447866
320932
158338
433051
391845
611969
997274
935582
59381
112465
928045
498305
584241
413057
930826
475726
966220
827180
409487
957847
981526
509186
824294
557686
709755
260059
34345
231987
343554
652648
974032
14701
179181
873537
443420
45487
612830
579398
25222
856491
358567
370896
728843
633548
92796
631665
451085
172148
975134
118627
646352
462125
924067
401189
694217
117240
328877
818557
252874
25568
450540
549352
968297
165173
360693
282507
833113
809975
443859
414539
12994
923956
668928
461226
943296
300243
886250
191693
278575
675333
93153
649382
111429
217644
29260
220010
812582
608778
782356
348957
118375
877918
193735
338195
258618
93884
129196
739158
103225
663918
60112
675128
321521
656878
57665
505439
708624
165579
133081
126495
943237
50624
238449
269463
492958
878818
772191
422545
462349
991240
822883
158519
656248
806564
857991
303423
402690
927857
675214
3523
893307
978126
370635
849044
783833
74307
218344
125818
238601
945631
172567
903287
369301
616008
170900
771488
70934
155409
398341
349951
946050
856451
148109
355281
953914
240622
408689
641055
969653
208339
798546
527757
496803
583581
316385
561276
27105
90026
967689
497323
734767
996888
100962
852521
660836
614901
711359
478501
567749
885356
258029
718399
193575
342583
16868
886780
175733
359515
432027
889927
132475
583677
761124
132027
85230
832033
969607
456672
317899
742686
842943
404365
542603
951632
360395
916673
121226
810976
454957
34630
706861
418341
481843
587615
998081
669035
171532
175384
498042
63396
277735
368950
274980
732461
212194
991269
117413
339971
634240
687027
160882
146457
326513
612728
518156
276196
215613
838183
721766
666407
650947
858075
215153
927951
20626
24803
924649
494240
977354
984156
484202
778485
792546
429418
495846
977488
400799
754081
57721
565939
995668
791344
32069
503738
790593
229809
601109
740640
362436
529944
18721
880137
467119
975358
630355
764427
832476
841406
307157
172951
616390
18841
61274
297046
108030
197178
738014
105991
85156
662504
775882
197822
547171
419744
45551
320660
637528
55516
321325
167222
327816
27311
948555
193428
6949
265325
768217
510597
831183
517403
974337
824695
162229
543521
517593
601518
253558
279217
34450
197072
649258
906409
810162
772946
512832
899587
652070
456182
622024
612269
975662
995930
866519
51319
689116
624680
194091
232729
415892
316866
979672
307947
509674
667713
563334
293630
317888
224090
706416
18363
232068
942192
159272
867906
789965
893060
815861
4846
920264
247095
308157
13007
680046
584560
719927
36261
133340
217646
468198
138054
863012
119459
456350
650656
553551
949642
676404
27257
998189
639628
662562
32598
311853
894393
404135
10812
40749
665514
803504
641580
902448
576550
893590
997193
877976
912033
694448
526957
668684
796161
610159
156587
721395
904730
206116
303974
955448
164866
698133
897391
411611
385454
452182
275997
729127
340682
394269
894383
974576
516264
27427
919405
475905
778784
4961
698387
184652
313188
10861
691879
803565
525700
364246
405950
20056
788606
389858
202936
37463
577390
418983
732934
138121
532096
580287
130558
918191
329736
710607
860918
355161
393193
119001
952372
664838
229155
254349
251108
957590
70245
673412
445065
207674
293485
172107
7260
584054
213594
147779
105194
267253
942593
853674
55746
837118
780358
939831
32856
867326
91653
805653
946389
950040
542565
770686
512016
71323
256980
560363
129686
970211
379531
225785
469628
224584
415685
386289
604698
700825
719859
168857
960031
491371
119355
274999
190413
881671
712735
365349
26535
954155
977390
449595
464775
672578
81480
693505
178556
437066
974228
769110
733010
435604
782911
121493
577822
188773
269751
901909
913693
106193
59714
602837
509162
667343
467043
567835
811933
750907
288022
355898
487172
853015
468667
710840
496911
917246
317547
33076
718302
80457
295863
247431
910861
38677
245792
131834
340086
574202
10820
973585
445802
32419
156849
343127
769965
833174
881207
699947
840374
481714
71097
310686
738106
902261
981942
803896
539654
489853
246342
159519
241371
200420
768130
315912
962881
350661
301694
535986
821192
627776
704236
875349
91269
39421
32364
293252
304548
731443
302066
36970
799303
164376
865349
610224
6167
971430
82998
790333
276410
184024
474179
538468
12473
980953
120793
430280
240111
980105
495676
919136
523120
674535
264067
206874
760867
376389
114195
525719
615179
761696
203592
952553
648407
405332
457149
425469
353951
842998
219364
989119
197995
894339
558233
758014
117917
940031
956477
290922
564802
961338
220620
193152
765990
54922
513266
411669
333047
394213
33465
270567
774944
481119
319078
539408
477477
525070
461578
650055
847271
793231
429676
867080
585065
79096
767002
147866
463708
718684
660862
633690
656095
473582
905478
717619
314410
907762
1252
704064
98403
371294
71649
558680
752651
135610
66549
996373
869626
175854
439021
323403
688975
331001
232537
546460
36699
782967
509433
825807
117641
562928
252595
785857
82958
735331
819324
141355
653409
192287
222102
180457
734839
280343
662497
897227
880900
834050
959911
304660
263327
35569
2121
804340
729524
642943
27474
471754
589486
313327
275288
408487
273078
271448
575001
869854
864642
709151
974085
243460
330461
715004
875950
806945
340976
674112
842618
507684
67043
192213
807832
994752
567684
726
686176
267935
786443
181045
478831
321008
395443
584417
798617
294245
259585
124831
629040
886114
37847
269570
959789
929844
613304
418231
424776
889101
397827
815692
346744
853646
405613
173900
675717
437276
614717
626222
523179
519391
684854
483785
841363
526415
794703
153980
537386
187810
93110
662368
7138
693102
990246
211569
363042
96979
881203
160208
847883
17669
531760
300167
240995
364374
907847
995782
265877
284465
526690
763717
738735
175660
474239
179770
325725
545935
348706
462010
51603
599726
802483
600781
77277
856510
549709
191568
329527
818681
29474
198531
425109
337950
416982
605822
797172
21215
338754
61310
615621
764548
194002
205337
210991
230452
409236
626215
698897
794538
83358
573420
491510
234062
673377
605839
71229
171071
220997
720401
511158
235670
183874
773549
456200
989691
596633
775200
316910
743589
867118
703913
88054
333474
252658
735701
874337
338962
350363
456653
755474
266921
632206
188495
268389
146095
848680
656918
776208
612173
194678
790924
892150
319420
615031
219775
181005
569915
382175
348658
769938
474701
778189
597787
899593
480984
869194
943980
881963
444305
834309
23994
820351
95094
281539
294511
710102
190444
613144
99520
452899
57682
996745
469928
35625
519032
346511
171588
501344
651285
848412
769555
484026
264683
196147
800030
815682
998165
675254
556977
215056
423023
459205
505324
990913
734515
338133
215307
33333
363077
599127
947130
827095
257178
943592
830988
921117
665942
264771
689568
486588
335618
787627
341725
995956
611688
240958
735341
857183
253379
138825
960159
392604
135100
495421
168227
227273
267714
210121
583944
923270
46654
916494
985765
149909
894872
781575
685767
511699
596541
157554
181291
3515
543170
412748
485863
748738
24057
368155
946891
673152
143321
582294
587064
848534
77198
125238
865497
921298
243035
422411
296243
561203
167463
564522
872608
307881
746989
425438
217208
916885
600588
372506
230112
864334
435212
187249
299725
593302
150944
492495
878045
104906
837681
324631
386241
284667
724759
495079
638113
757718
143489
853476
235955
782305
175585
764736
486872
981443
731137
965847
652174
262641
459413
801414
811882
353678
275490
908082
336095
615896
674371
116347
474177
243258
404138
518789
424809
318230
292926
983439
213841
609929
661089
942417
864388
45866
628331
291333
727461
849548
588604
627237
822913
964579
820160
461560
94029
212284
516033
183007
705673
902721
635548
526807
614688
180332
911179
522197
640755
483363
60659
205876
890904
480542
590379
126309
801658
354211
669276
647323
230442
594069
178116
579144
323741
950830
873450
907753
76008
921295
125250
674083
786241
639011
647940
454758
869750
844919
286767
851003
762183
937959
724588
143697
533277
666618
439087
127238
939733
439833
758074
381401
816472
888923
93738
534289
550604
812114
420334
743515
206585
542419
911419
40060
430035
755738
990022
830620
165838
931453
766747
97013
192029
300280
906454
191316
442111
166539
760075
405320
997488
130712
135065
208707
564246
658913
391195
660994
683166
123717
356234
397571
588070
364310
80567
476009
229396
928855
529932
234515
631011
496582
491047
594452
659598
824780
805575
617478
574896
912493
394363
200783
797058
553395
592528
786788
244974
486742
36570
462650
706281
641415
982700
191534
546934
261902
980207
788183
744152
21492
559440
738556
388442
472293
686832
113760
12454
695560
44324
833264
847527
312308
125951
860936
736880
456199
474736
398089
531469
114958
655672
160101
885713
542045
641523
459335
24020
552936
637220
582537
312473
201906
986350
332624
941850
610859
799106
388233
795640
845233
178387
262318
182101
945155
239385
769687
104381
324209
283876
581639
813623
561458
170045
867659
462215
528396
914632
672328
914155
689176
404259
418800
882241
521159
923807
514364
337722
737922
858857
603850
265204
879608
464554
261453
215349
352047
949283
195744
558601
789247
983121
987228
4017
880036
428992
560466
50100
245895
657482
317012
7235
553082
600663
695387
995253
901630
245768
344872
276532
161750
256163
640684
775517
853142
227926
391449
466881
963929
434213
994284
277643
271224
773863
487810
488751
933197
47543
981489
826035
819772
491056
101118
555010
273952
63350
80866
808460
141441
773209
1393
352790
905300
80843
107288
342632
752250
212871
253399
370387
744009
848476
456331
809397
804546
902115
134699
298319
396187
902449
803076
316402
847553
700561
949910
353864
649939
804858
868860
350553
843693
120416
217915
601454
663423
444910
248631
727726
597164
130669
458272
148242
958486
675775
221827
765974
171425
741607
918969
655653
106984
140434
419217
117576
279519
104972
677229
603260
785854
460466
585096
396990
664034
556644
301800
889951
903640
577029
876790
331301
783277
423095
226431
960814
471067
146489
319084
296697
549370
780584
624229
454705
897854
304017
410403
814899
864183
706259
275860
989874
597157
401195
406580
597193
464997
736973
880345
70130
207484
109912
95668
722593
41453
250444
886335
720555
4277
424894
476063
428377
696621
391665
978692
268366
584752
295398
117716
772093
438725
643687
310617
378231
315194
320548
178951
297757
878665
856729
745860
317278
325030
232775
19751
42243
781731
844647
823880
537168
124810
609283
977704
606185
650192
782109
295910
335975
882940
903178
